0003086659914275
0005096186586239
0009323528552745
0012545363605437
0035638022045179
0050079551779724
0059692339266813
0066434883784391
0067424871231058
0079574388207573
0091234018629415
0099190810603291
0100882766849442
0109155607536549
0111568560318836
0115233370360314
0122756049645492
0133496515573665
0155871652507937
0157328803838289
0163747522087146
0173347739267447
0197039342421964
0202519091805684
0221107243690274
0232957759824114
0238965105355133
0247078058624874
0264559777294998
0277335548559596
0286875886642826
0308447528777792
0349255996225496
0360088885251792
0362184181578281
0381193329351805
0382342340148307
0391582497390553
0406265673655527
0409916432107682
0419592410979745
0422137045848058
0423236368995626
0425395013421269
0446907085464475
0453963575465456
0467681392073626
0488515058061563
0499425408980933
0500867246950874
0534374070237635
0571461313985692
0580847027651936
0591140848337969
0611133017165358
0620693701455323
0641354979061823
0666416352797537
0686951628598463
0691843332193173
0697654746520685
0705149438939038
0706543032941565
0734464080334551
0734816637429442
0744307867402968
0752709508015332
0758930914981578
0762916082302527
0771746506500771
0789230369623921
0789370759055175
0790229789421657
0799916143374959
0807511168052778
0814082365529282
0816324622215133
0819438358714999
0821866374882729
0832652309106823
0875808419394695
0879313573909533
0883766178169783
0920505378470954
0929126265769381
0947741850187027
0954524767413052
0955593631634887
0967361650983676
0971345204008662
0998548672216563
1006227722960706
1009917359840117
1032846838514921
1033167138161951
1038439546341672
1039036312736223
1053044354703722
1056152665634341
1060043421990818
1063003428679241
1064444981256168
1079411862718312
1084893254580488
1113958253051826
1117366878867392
1128872274172748
1135406451643253
1135599682193344
1146496021539138
1147833927593935
1164451883416112
1196639225417861
1259447167702371
1278392116354592
1280574889671122
1285460124253147
1289369957149643
1300904396417675
1304017031996205
1320460309495981
1320549293939408
1320891725303922
1321532411134648
1330712624875703
1355426534896051
1357003700839211
1362027193969121
1386554526867781
1400418526787849
1404430449844652
1426706978640734
1427046317737068
1430693955936513
1431772141849894
1438600237334617
1440285631363572
1440809076964626
1448713849550559
1449606243242311
1451485093293061
1459813340573062
1460463092048777
1461558649220073
1471327427709402
1471672483332841
1492058776053713
1519446537594209
1536915826654964
1538168258794191
1549182782665584
1552310281198302
1562359208179331
1570264179473806
1574197584746687
1577534033307777
1578178604812119
1579502476253061
1591035237639926
1603821146368137
1605204070379586
1609580257183016
1612823062399004
1616465659167109
1639049625308469
1640486473389604
1641344451880756
1646010632348667
1651190718908444
1655127360655333
1659335213550744
1665330768980265
1665909215211042
1668531522148175
1677925133505881
1680417110835684
1680586744114466
1691573875116962
1692311779037714
1694143524306724
1694429368204434
1744550683498276
1754817615028431
1771495819297729
1773088719989913
1780571731705632
1783902013880321
1786248657889583
1818527083780637
1819006896470156
1826307561802264
1828952415844737
1833928838914755
1836805714407228
1845452032311557
1853181510863768
1853631240578805
1867545702121736
1872000864322022
1897819512937118
1912844861636427
1920424032057975
1922045414264182
1926852933495114
1930190698735224
1958735230267891
1961678383189006
1973196417138549
1982738735063625
1997106254687609
1997987505781725
2004848176059909
2024787321082539
2035978168784769
2050235810242989
2051570115918381
2063267462396685
2063347922659318
2065496167815552
2066752880101194
2070072027204155
2070752151495691
2072384288663294
2078736429842836
2089121369067743
2121018413742307
2124413966269781
2138926810114774
2146264001361347
2158844176947619
2160341143981306
2162430231453316
2163816950038958
2168115181558446
2185574022748666
2197147057817296
2200688881815704
2202270988157195
2206265999619197
2206841102032179
2212471670697781
2213995324796325
2220964962643992
2221788594611732
2223070602259251
2244648882107426
2255390512196257
2261567874255381
2263161279809055
2268255304412037
2273674464691359
2284740117151328
2290178800951278
2300454069262972
2307489514233361
2329164930444439
2330328977878885
2340498070418307
2344600772861413
2347967683514135
2352250206206162
2356007722007581
2370451377254944
2372474880897866
2378084218252587
2381397950029384
2382907171348261
2396196516196924
2405467527171381
2410927863572453
2423490301861272
2424379192047928
2425245063773281
2427196609347635
2428476098971551
2432243283016285
2464219072361299
2469156424618304
2469728005248154
2493977593854382
2495075140540287
2505734949914725
2528283658415444
2540879784853012
2554774261539627
2562619496358873
2572456923524753
2583425148411945
2589866529112228
2600796021512697
2611694024389766
2640172791033573
2646023966344697
2653011364910656
2656755793430994
2668539458813249
2677710457303974
2681454561935645
2689424132543055
2692055956855301
2701648619208071
2708952944980617
2717131625158202
2719674494426273
2723178849215195
2745557934615571
2760541749351242
2770833606250999
2780450138710107
2781264118057614
2794910737033528
2798359805607084
2805917978168795
2830700326167712
2831336115969486
2849960775236017
2870107024758845
2873004629648553
2879508731652174
2887644611298299
2914283603329049
2937062657337675
2941476740678875
2941844936723112
2949688074799216
2956304042063418
2958350780635824
2980483078136411
2988010117045378
3001886616341199
3010489179353013
3016526580508729
3022287847905537
3034536821905129
3037953979813319
3042055363208206
3051030365754703
3052359484453288
3071890866400114
3082552881068832
3107235136176656
3112997373959853
3121332544825529
3121659301835949
3157661381308307
3169451426745051
3172137664890304
3176539968423714
3177029053732731
3179609357487294
3180876091419597
3182856073418542
3183366725938995
3196788283017711
3199703232873418
3217736847861384
3220561342564696
3224234422211382
3248189551177519
3271703425461402
3282666308569699
3284362563110837
3284885498952709
3293723269072101
3306622738126974
3324286462278886
3326286801302148
3329697861112796
3330309416313955
3351729164435318
3359927548777726
3365837253987943
3379880318906817
3382881111049248
3391376574028572
3412813786078123
3413499632436068
3426478441329115
3434327337687385
3438658909702459
3441102601284131
3446239413123886
3447727424087719
3454298948479493
3480223587416406
3485289524731616
3486238604226301
3490344893324387
3502392757549967
3546906654465726
3555837820176327
3581354378926648
3621285674740022
3624285542547432
3640375268704745
3648364978014092
3657517125604234
3675447973102933
3685379840328953
3693867023477043
3719466129271416
3720791388482454
3721314334153746
3732464760148947
3737547562621221
3740018871589108
3763617663605626
3769420882432292
3770931122584251
3788050165687184
3816998386457462
3840683029108223
3854815425938158
3857412162453265
3873043638682516
3881491273962414
3881695684800829
3897683046601335
3898174231088511
3914637209182433
3922703457505095
3923416174793378
3931610796307712
3937610694922442
3938204897982764
3940780628991774
3944988696602571
3947521879202369
3958223794788442
3996022800180402
3999987706780769
4037016510027753
4052226909611451
4062930318965071
4068264337467743
4077111258748172
4077481893103582
4079679610923301
4101298239806078
4104506334237677
4129590383903679
4139314370372915
4151268876524309
4162365956921145
4174462614748238
4181358748864928
4194843203697926
4203368251950448
4211589648483252
4213201815991111
4249505298873127
4267207726585046
4283877621210526
4299885855818403
4311411398658182
4314824514653829
4330600487219255
4356608367616242
4363969013217731
4364144008387498
4374857648531864
4392961004689478
4409643609130832
4422416105757801
4431777147479095
4448683802359807
4463153368856919
4483699257057783
4489632967123623
4502320429438606
4509304563781628
4510680706254129
4514744018381529
4520011426734208
4561909850183927
4585951850332494
4591775629335096
4594881953229231
4603313762604338
4606907229193699
4612762035063079
4613606730081481
4615526552524145
4617160657010129
4624522830472008
4628737966570039
4630244640913228
4656352733799476
4659970425413887
4665751960774376
4672820922248448
4680838339804975
4711269288570511
4725467816361817
4733169208813146
4749018690169966
4777493532226925
4817141720601613
4826570812888291
4826952050719463
4844461400714305
4854703581167754
4869445156958521
4871374255547082
4871512728804941
4892010318771476
4894075030149572
4903679799294153
4916772822150263
4920649227206847
4921351041240859
4931980575863484
4940117411597153
4954342928398456
4954422113519403
4974651276594862
4984485939724774
4995040449900013
4999775237695541
5002441075877467
5007950548493608
5009399641364019
5025516634609528
5025799681210289
5033539294869869
5036604545083962
5041755894313088
5042517013636537
5048756508665411
5063948342092585
5066731049070543
5073953512703613
5073996433772316
5082645961825231
5083468038671218
5090449787647543
5106715711191861
5121434758263846
5121864473225839
5122757878181475
5131384493062508
5141912158259122
5153369124639256
5156807693435934
5159944862880744
5164451785019809
5169904612321884
5177401744537164
5200139384839406
5210469446998595
5214757873455998
5227444824167528
5240112548485475
5255868671607365
5278739710805703
5293150143135083
5293919316757141
5319876179218027
5328489591055644
5330254939626498
5343948349522644
5349404969411761
5351244970943534
5352463349770209
5353270516386019
5356514720225472
5378297473277718
5417603539069622
5421894829580618
5442790472397794
5457217799639841
5466233692296216
5479435330075176
5525434976531265
5538798086161451
5549091680836588
5591391060071724
5591804450322051
5592153279276893
5597581568799966
5613514741116766
5632101296100457
5660588703280325
5682075741149948
5684775197667412
5690344571159231
5705532298552711
5714235343069199
5729429068137942
5740177843636994
5740698426671942
5740921347542368
5764394742375266
5779318168104176
5797316503282218
5812657168425753
5840887479254842
5862566086752132
5878510937115448
5881171133432437
5886558880757187
5910387307002559
5929421518761817
5941980614281842
5967389122134536
5968513005902086
5970186133912032
5970377874701805
5985873923178915
5990083509074081
5994093059176695
6036896849503061
6045781633305213
6069015067779234
6073614352293036
6078220461438119
6079215759191627
6089129367126255
6089933616051333
6091098747452986
6122231539948324
6124133913404882
6136951645972991
6137191843006008
6173089111811155
6193220549440194
6193605766943435
6205396334231158
6221525377323528
6229863866427613
6231167306542247
6243815707678095
6253183846869555
6266591521047815
6274856654269183
6285033463635684
6317096887058124
6325263545215559
6327623301647469
6329933682583359
6339141624956463
6345109435047758
6355275476865577
6363659520967424
6380662987032491
6384960184054698
6386565829959587
6386916209728631
6406951586781669
6421514494176017
6428899879842843
6443609993476555
6449695946127761
6456392868169514
6473799116098114
6481365486011473
6482668784767053
6487026036137267
6497829178708284
6507647633367357
6511890435400927
6513520018045058
6522887838793921
6524625937504239
6525899505237261
6528305283376146
6539623696429535
6549597289457806
6567836857411895
6592407924148776
6600713239918138
6602286024542221
6603587050195985
6604097665756824
6609602264196549
6636061996061967
6637405539386796
6641766333442901
6648177088494506
6651110385581661
6656050547611854
6664062751247101
6678259519775357
6679536333061448
6698762345636715
6716004898459007
6722085326694069
6725265134201607
6726816717815616
6726838035113433
6731554119266939
6735144945454358
6735407114032911
6742983385493033
6747774770466972
6753615325011485
6772104913064682
6782235539408438
6789622248516739
6814618719271662
6819841155345767
6825100570421055
6831007831750564
6840341071788888
6844636108568542
6862546825208032
6862815423815351
6879818556655595
6890356641412636
6901527235901922
6909623006563272
6933364412088428
6937918755757802
6949542385200714
6968466292839925
6979866700036377
6995052152117441
7013512831640705
7013763669247739
7017245823846925
7026794389581227
7037292186589748
7038627543984208
7043325955073403
7052265433091734
7054218805061973
7063553057651363
7104217058177783
7111249688509169
7113313939974032
7119609924109789
7161544690039612
7163982672588503
7185790533780894
7201572972473441
7210268373273634
7237411576872021
7252953621757061
7268016976146678
7269075038520386
7281308611066434
7299443327524176
7307921374774893
7319132578334585
7322936575519344
7329121390476995
7329579647584822
7350459666086136
7353433153632352
7356548631681288
7368000594864416
7381756128135655
7387437089559035
7415218630279513
7415284207030036
7417213241172171
7421824817543472
7436170564866911
7467800817516283
7488269327673106
7495448492671969
7504030778960727
7508955189104471
7511540955681665
7513756731486066
7531226761669377
7556865099408113
7556960999962994
7569252256660353
7577583439683106
7587422284966191
7597781740936686
7607033099447305
7629616543382971
7633347972669647
7652357192908432
7663846523451143
7669410372802189
7670394479208325
7675672446969185
7679332050570326
7692698580619251
7719961448683581
7729002806368016
7729192360018469
7741727507857321
7761482966701504
7769841509765031
7798029783871437
7799552657052213
7810081545994506
7816376816873221
7826968566376005
7830824872460948
7843610606043778
7876080038954028
7876922740100376
7877709689854207
7879136121018324
7890254084473579
7890670541972111
7897600385843832
7908234335479658
7919814488850578
7925149236619575
7934160692603093
7964992308122396
7966550352425152
7983545031019052
7987562849067534
8004374389102664
8013827050664782
8025489448692607
8046647853458229
8047672988109165
8057508063146606
8064267428727375
8065591108821144
8069785300559926
8078021261147058
8109528132005201
8134053929382936
8148172810292402
8152736704585429
8177148901885423
8178980223625171
8179109843007482
8187887784919746
8189643063680725
8195064314463369
8204120855016971
8211269966845678
8226250526233079
8242704355360296
8243866780353847
8247885045900131
8263799533917177
8283867380206634
8289483872402014
8295286608436822
8333388189410533
8339612503636257
8354744155449554
8368652647754917
8380586114835193
8394661560870145
8411105042317175
8417149646975362
8422484550401284
8423824065821923
8430172375929155
8433964850971752
8434154021414614
8442852633423481
8445886663471249
8454682916693863
8459025072836808
8474213094056214
8475351485761783
8481373789537786
8494428667292022
8499313718459041
8536147709587534
8550711779559466
8557037912480409
8566083999969053
8570794512726044
8607304974851525
8609903717590916
8610050462554882
8620698302883636
8623038354655789
8625471222035694
8630895446187431
8635850016990636
8645945895126811
8649346513951654
8657687356723141
8661599410999001
8701116536726606
8753733999239443
8756464127093976
8756780985729363
8759190716118562
8762867277684729
8763021925640597
8765922920302398
8781797606216074
8783494545863509
8790329498651421
8816158942208458
8821694881661813
8823985050999374
8827918405655728
8837951563806203
8856141825131543
8863061470701047
8877021047066773
8882251790763358
8893355020744646
8905616855306728
8912893187520422
8926288633068122
8947411620376572
8957066102931489
8958394025153794
8966827135968163
8977593343981342
8978036083413711
8982411472293418
8993643965093015
8997018510160732
9000145548003098
9013672079610145
9041027015446375
9044877860366335
9054508060072947
9070152453010352
9096194102271639
9107586654858266
9119736121842148
9148887498732399
9161283156222679
9170602734600388
9217915091325125
9226216525807831
9226362780450519
9249461233967344
9251835959400595
9257838767489499
9262957142077366
9270142142652274
9273158896583579
9285505332598825
9292140105572723
9292860701132461
9302929135738249
9316415860989524
9318161301574776
9319934803534707
9327024832358888
9346656535214004
9378510284611145
9380860416932992
9411101982186181
9447894878253358
9456658773125849
9498970399267594
9509754800199274
9516946039352374
9530808083846366
9543221550005059
9550280604076888
9556207375198413
9559637395604346
9580881188751111
9608936092045105
9622716109684191
9629056871276261
9635884370110737
9649722541567605
9663129008716868
9671097742004679
9674081525671208
9700993755939766
9705125862526641
9712673271473344
9722822302581496
9732140550400881
9739460957650414
9743431396623621
9747803077856991
9750690828524414
9765598073426651
9787848832613527
9791042793006327
9798560527273189
9798624412941217
9821773469491047
9833298318032038
9842685425205847
9863349553721125
9863556778848406
9868063105162705
9868369950441908
9869697636455739
9881161343991043
9887656697216917
9903656870773403
9912646454628262
9915626748919716
9916997321208853
9924110887344969
9944808890614502
9947351767162336
9948165857382359
9956672881732508
9960446846984635
9968594917457197
9988615352416921
